0000    13.00
0015    13.00
0030    13.00
0045    13.00
0060    13.00
0075    12.50
0090    12.50
0105    12.50
0120    11.50
0135    11.00
0150    10.50
0165    10.00
0180    10.00
0195    10.00
0210     9.00
0225     8.50
0240     8.50
0255     8.50
0270     8.50
0285     8.00
0300     8.00
0315     8.50
0330     9.00
0345    10.00
0360    11.00
0375    12.50
0390    14.50
0405    17.00
0420    18.00
0435    17.00
0450    15.50
0465    15.00
0480    14.00
0495    12.50
0510    11.00
0525    10.00
0540     9.50
0555     9.00
0570    23.00
0585     8.00
0600    10.00
0615    10.50
0630    10.00
0645     9.00
0660     8.50
0675     9.00
0690    10.00
0705    11.00
0720    12.00
0735    12.50
0750    13.50
0765    13.00
0780    13.00
0795    13.00
0810    13.00
0825    12.50
0840    12.00
0855    12.50
0870    13.00
0885    14.00
0900    15.00
0915    17.00
0930    18.00
0945    17.50
0960    16.50
0975    16.50
0990    17.00
0990    17.00
1005    17.00
1020    20.00
1035    26.00
1050    30.00
1065    36.00
1080    47.00
1095    71.00
1102    60.00
1110    77.00
1115    87.00
1120    83.00
1130    60.00
1140    50.00
1155    35.00
1170    28.00
1185    21.00
1200    18.00
1215    16.00
1237    15.50
1260    15.00
1275    15.50
1290    16.00
1305    15.50
1320    15.00
1335    14.50
1350    14.00
1365    13.00
1380    12.00
1395    12.50
1410    13.00
1425    12.50
